-0.724015 0.51508 -0.433264 
-0.519793 -0.342515 0.768612 
-0.80013 -0.553188 -0.177862 
0.610768 -0.0323268 0.778115 
-0.0635049 0.95624 -0.252317 
0.590719 -0.632379 0.479126 
0.607641 -0.160028 -0.764033 
-0.496845 0.819517 0.246718 
-0.21996 -0.317688 0.912727 
-0.508957 0.32488 0.783517 
-0.953559 -0.265482 0.0345551 
-0.0986284 0.790511 -0.586775 
-0.207094 0.662693 0.703811 
-0.127765 -0.207576 -0.961072 
0.429763 0.650396 0.608997 
0.972623 -0.00537225 0.200223 
-0.72144 -0.13733 -0.661394 
-0.9403 0.247533 0.190821 
-0.14767 -0.696602 -0.688172 
0.510661 -0.686998 -0.496488 
-0.315803 0.938521 -0.0156633 
0.519019 0.411025 -0.735185 
-0.99178 0.0233264 -0.0288768 
0.830311 -0.490078 -0.223362 
0.562207 -0.799786 0.161531 
-0.691956 -0.0141521 0.705894 
0.157757 0.49051 0.844128 
0.33071 0.189472 0.914833 
-0.786883 0.296952 0.519957 
0.0227619 0.147416 0.981165 
-0.100535 0.52063 -0.836466 
-0.424112 -0.0496268 -0.892805 
-0.399192 -0.41628 -0.802476 
-0.0252423 -0.843139 0.519996 
0.756893 0.614125 0.177586 
0.846426 0.0886044 0.504118 
-0.656538 0.731249 -0.109618 
-0.345909 0.0164723 0.927246 
-0.293582 -0.946481 0.00435059 
-0.188476 0.358143 0.904162 
0.934397 0.291241 0.152192 
-0.530763 0.627029 0.549841 
0.808655 -0.549414 0.15114 
0.187695 0.929101 0.288689 
-0.173172 0.902877 0.365428 
0.167904 -0.761415 -0.609245 
0.224318 0.881268 -0.391378 
0.0392916 -0.471999 -0.869639 
0.392479 -0.465833 -0.779367 
-0.125422 -0.915242 -0.355466 
0.576236 0.329163 0.734084 
0.593503 0.782904 -0.11603 
-0.424097 -0.717113 -0.535068 
0.227515 -0.16324 -0.949978 
-0.563428 -0.634329 0.507834 
0.237248 -0.676508 0.682336 
0.747439 0.477934 -0.439362 
-0.930019 -0.0509751 0.334559 
-0.0121715 -0.969186 0.211444 
-0.793151 -0.318892 0.49817 
0.242807 -0.913329 -0.295733 
-0.9147 -0.198589 -0.321334 
0.285385 -0.949037 0.030814 
0.232598 0.641959 -0.71609 
0.926785 0.223514 -0.269865 
-0.017523 -0.0813215 0.989805 
-0.896723 0.403018 -0.11022 
0.107252 0.785852 0.592406 
-0.435632 0.567322 -0.682311 
0.463697 -0.40308 0.775801 
-0.409733 0.819243 -0.372268 
0.0914687 -0.431388 0.886273 
-0.00165287 -0.992446 -0.0525116 
-0.899836 0.147566 -0.382435 
-0.00440492 0.992402 0.0380519 
-0.691979 -0.481397 -0.516869 
-0.284918 0.253699 -0.913143 
0.414923 0.10673 -0.89257 
0.992049 0.0272502 -0.0524471 
-0.603961 -0.775049 0.1163 
0.905002 -0.121003 -0.381164 
-0.221154 -0.638014 0.721847 
-0.0107838 0.0471581 -0.991466 
0.745663 -0.307703 0.573536 
0.294243 -0.868838 0.373991 
0.497353 0.808948 0.277295 
0.594214 -0.771871 -0.172276 
0.726013 -0.398561 -0.541956 
-0.50543 -0.816641 -0.237194 
-0.817932 -0.516406 0.209436 
-0.327858 -0.862392 0.359062 
-0.651053 0.233224 -0.705958 
0.287323 -0.132952 0.939202 
0.902923 -0.265221 0.3114 
-0.772611 0.572694 0.231346 
0.95896 -0.250855 -0.0304639 
0.744538 0.457992 0.463056 
0.760725 0.135327 -0.617368 
0.291411 0.945111 -0.0550154 
0.158653 0.318625 -0.924023 
0.506373 0.714287 -0.461744 
0.845223 0.504827 -0.114474 
