2.0
53380.0
30.0
33.0
10.0
110.0
13.0
143.0
53.0
39.0
27.0
7.0
12.0
10.0
14.0
8.0
29.0
47.0
20.0
31.0
21.0
16.0
45.0
7.0
14.0
149.0
7.0
113.0
14.0
52.0
30.0
21.0
110.0
43.0
33.0
19.0
40.0
147.0
35.0
17.0
65.0
8.0
28.0
52.0
25.0
19.0
13.0
6.0
62.0
51.0
57.0
17.0
17.0
70.0
86.0
24.0
9.0
16.0
13.0
25.0
45.0
12.0
38.0
14.0
146.0
14.0
15.0
28.0
60.0
24.0
29.0
27.0
21.0
99.0
11.0
107.0
8.0
22.0
28.0
45.0
15.0
14.0
8.0
26.0
66.0
25.0
8.0
26.0
13.0
6.0
37.0
11.0
14.0
154.0
17.0
32.0
14.0
25.0
41.0
5.0
12.0
11.0
27.0
32.0
14.0
41.0
1.0
11.0
96.0
9.0
21.0
7.0
16.0
11.0
24.0
77.0
27.0
63.0
10.0
13.0
18.0
18.0
11.0
35.0
12.0
19.0
40.0
6.0
7.0
52.0
2.0
12.0
14.0
169.0
10.0
24.0
26.0
33.0
12.0
57.0
35.0
59.0
15.0
36.0
13.0
10.0
87.0
14.0
34.0
24.0
24.0
5.0
10.0
13.0
2.0
78.0
11.0
12.0
114.0
146.0
9.0
39.0
159.0
189.0
9.0
7.0
4.0
8.0
14.0
12.0
34.0
78.0
1.0
5.0
12.0
37.0
65.0
10.0
19.0
17.0
16.0
24.0
11.0
10.0
132.0
5.0
1.0
49.0
11.0
16.0
25.0
10.0
4.0
26.0
14.0
22.0
10.0
13.0
6.0
4.0
13.0
7.0
13.0
57.0
11.0
66.0
14.0
6.0
14.0
30.0
7.0
6.0
22.0
114.0
51.0
4.0
20.0
6.0
16.0
14.0
12.0
13.0
34.0
33.0
27.0
21.0
28.0
6.0
7.0
28.0
8.0
10.0
3.0
3.0
104.0
10.0
18.0
12.0
11.0
25.0
17.0
37.0
28.0
16.0
7.0
36.0
29.0
16.0
9.0
10.0
8.0
7.0
24.0
10.0
8.0
3.0
23.0
15.0
4.0
58.0
12.0
40.0
4.0
16.0
15.0
21.0
24.0
37.0
12.0
17.0
7.0
146.0
9.0
12.0
17.0
36.0
6.0
11.0
5.0
9.0
8.0
71.0
138.0
10.0
25.0
24.0
53.0
1.0
12.0
18.0
17.0
39.0
3.0
23.0
17.0
1.0
8.0
2.0
8.0
6.0
16.0
2.0
7.0
16.0
7.0
58.0
17.0
17.0
1.0
12.0
21.0
85.0
6.0
18.0
235.0
9.0
17.0
11.0
10.0
72.0
13.0
76.0
15.0
7.0
5.0
32.0
16.0
17.0
31.0
14.0
5.0
23.0
9.0
10.0
12.0
5.0
19.0
111.0
7.0
13.0
21.0
100.0
81.0
9.0
24.0
9.0
6.0
7.0
7.0
18.0
13.0
5.0
9.0
12.0
10.0
15.0
6.0
25.0
9.0
16.0
9.0
67.0
5.0
9.0
18.0
5.0
18.0
4.0
80.0
28.0
8.0
5.0
1.0
6.0
27.0
5.0
126.0
10.0
9.0
19.0
97.0
5.0
138.0
28.0
12.0
2.0
13.0
3.0
6.0
9.0
11.0
16.0
8.0
8.0
5.0
15.0
6.0
22.0
69.0
35.0
118.0
7.0
17.0
14.0
6.0
27.0
26.0
43.0
88.0
232.0
6.0
12.0
2.0
17.0
98.0
116.0
77.0
12.0
17.0
14.0
5.0
38.0
12.0
6.0
9.0
14.0
16.0
16.0
19.0
26.0
12.0
3.0
15.0
31.0
59.0
7.0
19.0
4.0
26.0
66.0
20.0
96.0
20.0
6.0
4.0
8.0
24.0
6.0
92.0
14.0
11.0
99.0
8.0
18.0
256.0
6.0
4.0
86.0
7.0
23.0
11.0
12.0
5.0
11.0
4.0
16.0
25.0
53.0
70.0
28.0
177.0
6.0
4.0
6.0
8.0
16.0
14.0
19.0
6.0
10.0
4.0
91.0
35.0
22.0
29.0
9.0
6.0
67.0
29.0
11.0
10.0
20.0
50.0
55.0
10.0
1.0
12.0
14.0
10.0
9.0
14.0
3.0
65.0
8.0
16.0
9.0
17.0
8.0
10.0
45.0
8.0
18.0
27.0
8.0
59.0
18.0
6.0
15.0
4.0
20.0
25.0
8.0
26.0
5.0
2.0
6.0
7.0
11.0
1.0
4.0
11.0
17.0
14.0
10.0
107.0
9.0
19.0
69.0
2.0
17.0
13.0
6.0
28.0
5.0
11.0
47.0
29.0
10.0
8.0
40.0
2.0
7.0
14.0
66.0
9.0
1.0
7.0
7.0
63.0
25.0
3.0
7.0
3.0
9.0
88.0
11.0
11.0
14.0
1.0
8.0
14.0
24.0
10.0
10.0
16.0
6.0
138.0
6.0
1.0
9.0
12.0
13.0
10.0
1.0
9.0
59.0
12.0
26.0
10.0
32.0
51.0
14.0
12.0
15.0
14.0
14.0
13.0
1.0
17.0
3.0
1.0
95.0
21.0
11.0
42.0
10.0
10.0
5.0
12.0
13.0
17.0
23.0
1.0
34.0
40.0
3.0
11.0
9.0
28.0
102.0
3.0
5.0
6.0
16.0
1.0
10.0
5.0
21.0
8.0
2.0
4.0
11.0
15.0
9.0
47.0
9.0
17.0
11.0
4.0
6.0
4.0
2.0
15.0
4.0
5.0
15.0
18.0
7.0
11.0
5.0
9.0
16.0
13.0
75.0
105.0
12.0
6.0
13.0
3.0
8.0
7.0
13.0
138.0
10.0
36.0
5.0
4.0
11.0
13.0
140.0
5.0
12.0
8.0
89.0
5.0
18.0
13.0
5.0
5.0
15.0
1.0
8.0
12.0
12.0
12.0
16.0
23.0
15.0
16.0
15.0
9.0
1.0
13.0
174.0
29.0
6.0
5.0
48.0
9.0
46.0
24.0
62.0
15.0
34.0
24.0
20.0
8.0
16.0
43.0
17.0
8.0
24.0
34.0
10.0
16.0
25.0
2.0
6.0
11.0
154.0
1.0
9.0
8.0
1.0
4.0
18.0
17.0
18.0
23.0
3.0
11.0
3.0
6.0
4.0
12.0
34.0
13.0
6.0
1.0
8.0
6.0
24.0
10.0
18.0
10.0
20.0
4.0
17.0
1.0
45.0
40.0
10.0
3.0
5.0
12.0
6.0
4.0
15.0
11.0
22.0
14.0
5.0
7.0
4.0
5.0
16.0
23.0
6.0
7.0
11.0
5.0
11.0
7.0
12.0
14.0
25.0
37.0
5.0
7.0
15.0
11.0
4.0
15.0
84.0
3.0
20.0
10.0
1.0
8.0
13.0
5.0
22.0
7.0
5.0
15.0
9.0
10.0
5.0
2.0
14.0
13.0
17.0
6.0
15.0
14.0
8.0
107.0
7.0
11.0
9.0
26.0
41.0
5.0
13.0
5.0
6.0
2.0
1.0
18.0
5.0
12.0
19.0
1.0
9.0
5.0
38.0
9.0
7.0
13.0
7.0
167.0
11.0
8.0
3.0
32.0
3.0
21.0
19.0
23.0
1.0
17.0
15.0
10.0
41.0
27.0
6.0
18.0
10.0
21.0
8.0
4.0
22.0
6.0
7.0
9.0
36.0
22.0
5.0
40.0
17.0
14.0
7.0
1.0
11.0
18.0
8.0
13.0
29.0
9.0
16.0
22.0
15.0
46.0
2.0
7.0
7.0
26.0
7.0
7.0
46.0
11.0
6.0
20.0
10.0
16.0
6.0
51.0
17.0
6.0
8.0
177.0
10.0
9.0
7.0
11.0
1.0
11.0
168.0
4.0
42.0
8.0
23.0
8.0
2.0
11.0
1.0
7.0
24.0
1.0
256.0
7.0
5.0
19.0
11.0
4.0
35.0
2.0
16.0
1.0
8.0
13.0
45.0
7.0
14.0
7.0
8.0
1.0
11.0
5.0
10.0
128.0
15.0
81.0
8.0
5.0
16.0
15.0
1.0
1.0
16.0
20.0
2.0
11.0
27.0
18.0
72.0
1.0
22.0
6.0
4.0
2.0
3.0
3.0
20.0
14.0
127.0
10.0
47.0
64.0
7.0
77.0
154.0
16.0
12.0
12.0
16.0
6.0
21.0
17.0
57.0
11.0
11.0
19.0
6.0
17.0
8.0
88.0
30.0
42.0
18.0
9.0
2.0
1.0
3.0
19.0
12.0
12.0
15.0
2.0
13.0
19.0
15.0
83.0
3.0
13.0
8.0
1.0
9.0
3.0
5.0
11.0
8.0
1.0
7.0
2.0
40.0
4.0
1.0
1.0
10.0
20.0
9.0
12.0
7.0
5.0
7.0
40.0
3.0
6.0
30.0
9.0
48.0
12.0
13.0
21.0
1.0
5.0
6.0
23.0
7.0
4.0
23.0
19.0
13.0
8.0
14.0
4.0
3.0
12.0
1.0
14.0
16.0
6.0
35.0
15.0
9.0
14.0
12.0
1.0
3.0
57.0
30.0
3.0
7.0
1.0
12.0
15.0
9.0
13.0
12.0
3.0
1.0
1.0
6.0
3.0
1.0
9.0
5.0
5.0
16.0
12.0
2.0
3.0
11.0
65.0
41.0
7.0
11.0
12.0
5.0
7.0
6.0
14.0
14.0
2.0
10.0
31.0
7.0
6.0
9.0
2.0
8.0
39.0
8.0
9.0
9.0
53.0
10.0
2.0
3.0
1.0
146.0
6.0
8.0
7.0
17.0
44.0
40.0
11.0
45.0
195.0
26.0
9.0
1.0
5.0
15.0
16.0
24.0
25.0
104.0
1.0
5.0
9.0
9.0
2.0
8.0
23.0
21.0
3.0
32.0
2.0
4.0
42.0
27.0
93.0
27.0
3.0
90.0
1.0
15.0
14.0
58.0
6.0
24.0
13.0
7.0
19.0
1.0
5.0
69.0
20.0
16.0
3.0
15.0
1.0
10.0
1.0
69.0
16.0
1.0
2.0
4.0
1.0
5.0
15.0
29.0
19.0
8.0
9.0
12.0
19.0
1.0
10.0
12.0
4.0
13.0
32.0
1.0
3.0
17.0
7.0
1.0
5.0
9.0
2.0
99.0
4.0
5.0
2.0
1.0
9.0
39.0
7.0
17.0
24.0
18.0
2.0
12.0
1.0
9.0
19.0
7.0
1.0
7.0
13.0
2.0
17.0
1.0
8.0
3.0
6.0
4.0
22.0
7.0
1.0
6.0
6.0
12.0
1.0
6.0
4.0
6.0
14.0
83.0
9.0
20.0
1.0
21.0
20.0
6.0
31.0
8.0
2.0
1.0
5.0
1.0
24.0
8.0
41.0
38.0
9.0
5.0
6.0
29.0
185.0
18.0
25.0
10.0
6.0
12.0
14.0
9.0
1.0
1.0
54.0
60.0
1.0
19.0
50.0
4.0
187.0
33.0
20.0
22.0
13.0
13.0
1.0
42.0
115.0
8.0
30.0
12.0
10.0
6.0
5.0
57.0
14.0
17.0
5.0
2.0
5.0
12.0
5.0
47.0
6.0
3.0
25.0
14.0
8.0
6.0
52.0
6.0
8.0
2.0
9.0
119.0
1.0
9.0
19.0
16.0
12.0
9.0
25.0
5.0
29.0
14.0
89.0
11.0
16.0
2.0
10.0
5.0
8.0
2.0
12.0
11.0
20.0
13.0
12.0
36.0
7.0
2.0
8.0
17.0
8.0
17.0
12.0
4.0
1.0
6.0
7.0
6.0
40.0
17.0
7.0
28.0
15.0
2.0
152.0
3.0
1.0
2.0
4.0
28.0
15.0
6.0
258.0
3.0
1.0
19.0
7.0
10.0
1.0
12.0
10.0
5.0
15.0
1.0
27.0
16.0
6.0
5.0
3.0
4.0
8.0
12.0
4.0
17.0
340.0
8.0
27.0
6.0
13.0
5.0
35.0
17.0
55.0
11.0
127.0
1.0
16.0
29.0
5.0
72.0
3.0
5.0
11.0
17.0
5.0
2.0
3.0
13.0
2.0
7.0
10.0
76.0
1.0
13.0
1.0
19.0
2.0
20.0
26.0
1.0
11.0
10.0
21.0
1.0
20.0
1.0
16.0
1.0
81.0
10.0
2.0
8.0
15.0
3.0
8.0
6.0
14.0
4.0
2.0
27.0
9.0
5.0
1.0
43.0
22.0
45.0
1.0
1.0
10.0
6.0
14.0
15.0
6.0
3.0
5.0
16.0
2.0
19.0
8.0
8.0
5.0
11.0
17.0
9.0
6.0
6.0
18.0
3.0
17.0
4.0
15.0
9.0
7.0
1.0
16.0
6.0
22.0
8.0
1.0
15.0
5.0
1.0
2.0
7.0
39.0
40.0
136.0
5.0
20.0
23.0
1.0
34.0
19.0
7.0
8.0
3.0
24.0
10.0
12.0
27.0
1.0
8.0
13.0
7.0
4.0
26.0
20.0
15.0
29.0
10.0
4.0
3.0
1.0
2.0
34.0
22.0
4.0
17.0
1.0
1.0
13.0
125.0
39.0
2.0
5.0
1.0
6.0
3.0
19.0
5.0
35.0
3.0
6.0
25.0
15.0
3.0
43.0
87.0
9.0
12.0
2.0
6.0
6.0
5.0
10.0
7.0
48.0
2.0
8.0
1.0
8.0
21.0
57.0
11.0
4.0
11.0
5.0
4.0
8.0
40.0
4.0
15.0
24.0
15.0
4.0
8.0
5.0
14.0
12.0
8.0
44.0
11.0
1.0
61.0
15.0
2.0
17.0
11.0
20.0
7.0
6.0
6.0
10.0
2.0
5.0
22.0
15.0
10.0
42.0
5.0
14.0
14.0
18.0
12.0
3.0
6.0
5.0
19.0
3.0
5.0
18.0
6.0
17.0
35.0
7.0
6.0
6.0
20.0
1.0
1.0
8.0
6.0
30.0
4.0
7.0
6.0
14.0
7.0
13.0
5.0
17.0
7.0
4.0
14.0
8.0
1.0
10.0
21.0
28.0
25.0
6.0
9.0
15.0
1.0
44.0
1.0
2.0
1.0
17.0
2.0
8.0
44.0
6.0
25.0
1.0
13.0
1.0
14.0
3.0
5.0
1.0
6.0
1.0
39.0
9.0
10.0
86.0
10.0
22.0
5.0
24.0
4.0
20.0
17.0
13.0
10.0
1.0
14.0
5.0
15.0
3.0
22.0
4.0
6.0
10.0
5.0
12.0
2.0
30.0
2.0
10.0
1.0
1.0
23.0
1.0
37.0
13.0
16.0
20.0
8.0
12.0
37.0
1.0
10.0
18.0
3.0
3.0
75.0
6.0
27.0
42.0
3.0
3.0
1.0
13.0
17.0
7.0
5.0
4.0
26.0
24.0
6.0
10.0
6.0
10.0
5.0
9.0
10.0
4.0
6.0
3.0
11.0
1.0
63.0
9.0
9.0
35.0
30.0
11.0
6.0
24.0
4.0
3.0
6.0
22.0
3.0
22.0
1.0
11.0
1.0
3.0
32.0
1.0
1.0
6.0
1.0
1.0
21.0
6.0
12.0
1.0
2.0
10.0
13.0
9.0
12.0
16.0
9.0
6.0
18.0
30.0
9.0
4.0
2.0
1.0
116.0
8.0
18.0
33.0
8.0
7.0
3.0
2.0
20.0
3.0
9.0
1.0
12.0
8.0
44.0
28.0
15.0
11.0
22.0
87.0
15.0
4.0
2.0
9.0
6.0
1.0
4.0
85.0
5.0
7.0
4.0
15.0
5.0
1.0
1.0
6.0
6.0
11.0
6.0
15.0
13.0
95.0
99.0
21.0
1.0
13.0
5.0
8.0
169.0
19.0
11.0
25.0
7.0
8.0
5.0
1.0
15.0
18.0
9.0
3.0
21.0
25.0
1.0
7.0
9.0
7.0
14.0
2.0
8.0
146.0
27.0
8.0
37.0
16.0
8.0
25.0
16.0
5.0
5.0
17.0
3.0
4.0
10.0
5.0
12.0
1.0
1.0
10.0
1.0
30.0
7.0
19.0
1.0
7.0
3.0
1.0
46.0
85.0
12.0
1.0
9.0
7.0
14.0
5.0
33.0
9.0
7.0
1.0
13.0
2.0
7.0
17.0
23.0
1.0
1.0
6.0
1.0
42.0
17.0
15.0
25.0
14.0
4.0
12.0
18.0
20.0
8.0
5.0
2.0
3.0
51.0
4.0
16.0
59.0
107.0
11.0
7.0
9.0
19.0
8.0
13.0
1.0
1.0
12.0
5.0
26.0
13.0
10.0
31.0
3.0
10.0
1.0
4.0
1.0
22.0
8.0
14.0
36.0
13.0
3.0
11.0
1.0
4.0
9.0
4.0
1.0
10.0
28.0
22.0
15.0
18.0
34.0
9.0
8.0
12.0
2.0
1.0
6.0
8.0
26.0
7.0
2.0
2.0
4.0
46.0
37.0
9.0
1.0
20.0
6.0
13.0
1.0
25.0
4.0
2.0
1.0
9.0
24.0
1.0
24.0
9.0
56.0
1.0
4.0
15.0
19.0
1.0
7.0
1.0
10.0
12.0
3.0
9.0
1.0
8.0
4.0
22.0
5.0
3.0
1.0
1.0
2.0
6.0
4.0
3.0
11.0
128.0
32.0
125.0
6.0
4.0
24.0
6.0
26.0
5.0
1.0
11.0
10.0
8.0
5.0
11.0
1.0
17.0
11.0
13.0
3.0
64.0
11.0
1.0
7.0
14.0
1.0
3.0
27.0
2.0
6.0
1.0
21.0
1.0
26.0
10.0
1.0
5.0
9.0
10.0
2.0
18.0
3.0
4.0
1.0
6.0
12.0
8.0
9.0
9.0
8.0
6.0
1.0
1.0
11.0
52.0
16.0
10.0
7.0
130.0
19.0
26.0
1.0
65.0
7.0
6.0
1.0
1.0
1.0
11.0
8.0
22.0
13.0
2.0
24.0
3.0
19.0
2.0
22.0
1.0
15.0
5.0
10.0
49.0
4.0
48.0
2.0
2.0
21.0
4.0
9.0
11.0
56.0
8.0
6.0
22.0
8.0
2.0
1.0
4.0
12.0
1.0
1.0
1.0
1.0
46.0
6.0
7.0
7.0
2.0
15.0
1.0
13.0
106.0
11.0
3.0
8.0
8.0
14.0
1.0
2.0
1.0
5.0
9.0
2.0
7.0
17.0
6.0
90.0
10.0
8.0
42.0
3.0
2.0
3.0
5.0
12.0
6.0
14.0
12.0
5.0
5.0
4.0
1.0
5.0
1.0
36.0
5.0
5.0
2.0
4.0
13.0
1.0
30.0
17.0
7.0
10.0
10.0
4.0
8.0
10.0
5.0
1.0
2.0
3.0
2.0
13.0
6.0
5.0
76.0
4.0
21.0
1.0
1.0
11.0
3.0
1.0
14.0
3.0
9.0
2.0
116.0
1.0
5.0
9.0
1.0
34.0
2.0
6.0
2.0
7.0
12.0
9.0
4.0
1.0
23.0
1.0
21.0
11.0
7.0
6.0
6.0
6.0
5.0
10.0
4.0
5.0
11.0
10.0
6.0
21.0
8.0
17.0
2.0
9.0
28.0
18.0
2.0
5.0
1.0
95.0
2.0
2.0
7.0
12.0
1.0
44.0
12.0
18.0
10.0
3.0
19.0
20.0
4.0
1.0
1.0
3.0
29.0
14.0
5.0
20.0
43.0
9.0
4.0
4.0
2.0
9.0
6.0
22.0
24.0
1.0
7.0
6.0
1.0
15.0
5.0
6.0
2.0
8.0
1.0
3.0
6.0
1.0
31.0
19.0
1.0
125.0
1.0
2.0
8.0
25.0
12.0
1.0
9.0
9.0
13.0
22.0
2.0
14.0
33.0
8.0
4.0
1.0
16.0
11.0
1.0
6.0
6.0
149.0
15.0
2.0
16.0
7.0
180.0
3.0
11.0
9.0
19.0
8.0
1.0
32.0
7.0
1.0
5.0
2.0
59.0
7.0
23.0
7.0
6.0
2.0
3.0
4.0
5.0
1.0
8.0
2.0
1.0
4.0
6.0
1.0
1.0
11.0
8.0
13.0
1.0
99.0
1.0
1.0
27.0
65.0
8.0
4.0
12.0
8.0
57.0
1.0
2.0
12.0
21.0
1.0
1.0
23.0
8.0
2.0
2.0
16.0
9.0
1.0
10.0
10.0
16.0
7.0
9.0
19.0
46.0
16.0
3.0
21.0
2.0
27.0
20.0
7.0
47.0
6.0
1.0
6.0
8.0
4.0
4.0
2.0
4.0
7.0
2.0
13.0
3.0
10.0
7.0
8.0
57.0
36.0
4.0
8.0
18.0
14.0
5.0
1.0
1.0
5.0
38.0
3.0
20.0
15.0
1.0
7.0
1.0
131.0
2.0
3.0
11.0
4.0
14.0
1.0
6.0
73.0
78.0
1.0
11.0
5.0
6.0
1.0
4.0
16.0
5.0
9.0
3.0
49.0
7.0
7.0
18.0
6.0
45.0
1.0
3.0
1.0
1.0
31.0
7.0
1.0
38.0
7.0
3.0
13.0
5.0
19.0
2.0
26.0
1.0
11.0
11.0
5.0
12.0
8.0
15.0
8.0
14.0
4.0
2.0
5.0
1.0
6.0
8.0
22.0
6.0
2.0
3.0
10.0
7.0
1.0
38.0
5.0
7.0
6.0
6.0
2.0
11.0
3.0
6.0
17.0
26.0
1.0
166.0
11.0
31.0
2.0
12.0
5.0
4.0
2.0
11.0
1.0
5.0
3.0
8.0
2.0
1.0
13.0
23.0
32.0
21.0
8.0
27.0
3.0
6.0
12.0
38.0
45.0
12.0
31.0
36.0
15.0
4.0
8.0
1.0
8.0
28.0
18.0
3.0
19.0
8.0
9.0
6.0
2.0
1.0
11.0
19.0
3.0
6.0
5.0
1.0
1.0
1.0
2.0
11.0
50.0
3.0
